Reading alignment from sim.fasta ...
Extracting sufficient statistics ...
Compacting sufficient statistics ...
Fitting tree model to sim.fasta using UNREST ...
numpar = 12
numbetapar = 3
design matrix: 
   1.000000    0.000000    1.000000 
   1.000000    0.000000    0.000000 
   1.000000    0.000000    0.000000 
   1.000000    0.000000    1.000000 
   1.000000    0.000000    0.000000 
   1.000000    0.000000    0.000000 
   1.000000    0.000000    0.000000 
   1.000000    0.000000    0.000000 
   1.000000    1.000000    0.000000 
   1.000000    0.000000    0.000000 
   1.000000    0.000000    0.000000 
   1.000000    1.000000    0.000000 
           f(x)             x_0             x_1             x_2             x_3             x_4             x_5             x_6             x_7             x_8             x_9            x_10            x_11         df/dx_0         df/dx_1         df/dx_2         df/dx_3         df/dx_4         df/dx_5         df/dx_6         df/dx_7         df/dx_8         df/dx_9        df/dx_10        df/dx_11           trunc          lambda
  290619.344759        0.300000        0.300000        0.300000        0.300000        0.300000        0.300000        0.300000        0.300000        0.300000        0.300000        0.300000        0.300000   -12600.153685     3103.930561     2914.579993   -12189.033034     2542.760456     2749.583975     3351.094725     2907.342394    -4938.068916     2613.056567     2649.320813    -4782.559292              -1       -1.000000
  285730.164003        0.609756        0.223694        0.228349        0.599649        0.237490        0.232406        0.217618        0.228527        0.421395        0.235762        0.234870        0.417572     -767.058053      533.083512      418.139156     -898.147642      253.618520      271.259050      377.773307      618.258317     -565.903087      467.932085      705.493556     -300.646701               6        0.274607
  285724.410991        0.605419        0.219188        0.225453        0.597983        0.236764        0.231669        0.215957        0.222380        0.423993        0.231658        0.226967        0.416080     -982.256723      293.649558      352.120434     -822.506205      242.791022      387.765002      180.211675      129.718333     -405.816070       78.376615       40.538842     -458.402152              10        0.033651
  285723.917289        0.604895        0.217502        0.223246        0.596496        0.235994        0.229353        0.216458        0.222121        0.424960        0.232187        0.227162        0.416935     -998.309290      118.081400      125.809049     -846.115348       97.479089      162.707816      274.180260      197.357382     -404.806400      186.726684      133.298861     -418.041775               5        0.010000
  285723.713785        0.605338        0.217834        0.223128        0.594690        0.236964        0.228623        0.216042        0.221465        0.426551        0.232041        0.227297        0.418364     -969.235494      187.501893      137.801457     -901.982246      153.254950      128.617685      206.968863      157.753471     -384.357350      153.186324      138.378120     -347.379188               5        0.003183
  285723.666013        0.605555        0.217450        0.223315        0.594244        0.237205        0.228951        0.216529        0.221473        0.427605        0.232272        0.227283        0.418510     -968.877168      161.886099      159.356394     -905.768422      146.524108      155.501417      245.526840      178.771326     -333.115109      161.193951      135.262497     -361.533312               1        0.001762
  285723.660538        0.605672        0.217325        0.223182        0.594181        0.237421        0.229133        0.216590        0.221252        0.427542        0.232522        0.227299        0.418544     -972.896407      159.401738      152.089633     -900.646613      159.023970      162.782613      247.572490      165.438512     -339.869817      176.306756      137.062045     -355.253054               7        0.001000
  285723.656795        0.606259        0.217108        0.223033        0.593723        0.237471        0.229331        0.216561        0.221162        0.427327        0.232551        0.227263        0.418235     -957.230979      152.342953      152.554712     -914.175645      152.263732      165.541307      240.203808      167.084916     -344.274857      169.642153      139.704673     -366.780441               1        0.001000
  285723.650677        0.606451        0.217269        0.222894        0.593647        0.237603        0.229270        0.216833        0.221251        0.427235        0.232561        0.226972        0.418189     -954.834104      162.405602      146.789942     -914.243050      159.800984      160.417112      254.101702      171.949621     -346.542627      169.022358      127.525360     -368.268986              10        0.001282
  285723.290164        0.607197        0.217176        0.223833        0.592929        0.235348        0.230245        0.216538        0.221960        0.426194        0.234210        0.224523        0.420874     -935.475051      157.249044      198.961818     -933.678821       77.335862      173.103996      234.634208      171.568652     -371.614937      233.942992       57.383091     -295.957201              10        0.010789
  285718.768891        0.610268        0.214807        0.217037        0.596455        0.235970        0.237917        0.214957        0.228634        0.425658        0.228588        0.223795        0.428864     -906.659698       49.161084      -94.176212     -842.951587      184.123695      413.311936      146.319158      418.856740     -365.925487      -22.572989       79.999387      -85.160602               2        0.030363
  285677.713111        0.671997        0.219599        0.218625        0.656502        0.224705        0.229052        0.221667        0.205770        0.442218        0.222330        0.230477        0.435907      181.009993      222.861650      -17.022539       82.562445     -411.427289       72.192051      283.106521     -538.519933       52.607618     -256.036641      169.564795      130.420318               7        0.100000
  285672.048092        0.676982        0.214690        0.221386        0.663357        0.232292        0.223212        0.213390        0.212157        0.444727        0.228072        0.225928        0.432857      242.119539       42.288913       59.912330      196.118199     -133.516965     -109.887565      -10.847754     -271.416211      110.785186      -73.561969        2.335815       60.032413               6        0.037342
  285672.041802        0.676960        0.215018        0.221074        0.663362        0.232117        0.223362        0.213156        0.212199        0.444983        0.228313        0.225886        0.432655      241.747883       51.063194       51.615527      196.258130     -138.325267     -105.924963      -17.018407     -270.559278      117.133372      -67.165296        1.540757       55.137381               2        0.001408
  285667.187558        0.663104        0.214018        0.219915        0.649472        0.234570        0.226723        0.212497        0.218242        0.440037        0.229536        0.224398        0.431108       16.780337        6.647751        3.007997       14.979887       -6.010727       12.207835       13.769080        7.026683        0.375643       -1.389039        8.215720        1.921755              -1        1.000000
  285667.165759        0.662046        0.213845        0.219925        0.648436        0.234780        0.226426        0.212247        0.218180        0.440101        0.229654        0.224280        0.430931       -0.475731       -0.740110       -0.851636       -0.075583        0.078668       -0.014872       -0.727887       -0.325497       -0.959379       -0.206550       -0.685570       -0.707747              -1        1.000000
Convergence via gradiant tolerance (3.358379e-06 < 1.000000e-05)
  291383.152462        0.267273        0.267273        0.267273        0.267273        0.267273        0.267273        0.267273        0.267273        0.267273        0.267273        0.267273        0.267273   -16238.702548     1652.320614     1441.096625   -15699.353447     1020.979282     1262.233040     1833.754242     1428.798190    -7583.359693     1112.667815     1149.968506    -7376.661088              -1        1.000000
  290515.201141        0.314032        0.314032        0.314032        0.314032        0.314032        0.314032        0.314032        0.314032        0.314032        0.314032        0.314032        0.314032   -11298.504687     3606.376005     3425.040544   -10948.785872     3070.901294     3264.854924     3753.516619     3418.489476    -4000.995803     3132.347716     3168.471419    -3863.224701              -1        1.000000
  290506.257125        0.318706        0.318706        0.318706        0.318706        0.318706        0.318706        0.318706        0.318706        0.318706        0.318706        0.318706        0.318706   -10893.614352     3760.504973     3581.690718   -10554.251843     3233.109397     3422.991169     3904.251149     3610.018728    -3675.884218     3256.885539     3327.768296    -3578.355274              -1        1.000000
  290505.925680        0.319767        0.319767        0.319767        0.319767        0.319767        0.319767        0.319767        0.319767        0.319767        0.319767        0.319767        0.319767   -10803.644109     3794.605378     3616.352275   -10431.480274     3269.011067     3457.982210     3973.366285     3609.918611    -3646.224999     3326.913138     3398.795525    -3515.129501              -1        1.000000
  290505.929302        0.319685        0.319685        0.319685        0.319685        0.319685        0.319685        0.319685        0.319685        0.319685        0.319685        0.319685        0.319685   -10810.547828     3791.990719     3613.694862   -10438.232217     3266.258544     3455.299098     3935.029294     3607.259656    -3651.168925     3288.506879     3360.312316    -3519.980441              -1        1.000000
  290505.926453        0.319740        0.319740        0.319740        0.319740        0.319740        0.319740        0.319740        0.319740        0.319740        0.319740        0.319740        0.319740   -10805.935133     3793.737589     3615.470807   -10433.721181     3268.097353     3457.091923     3936.738038     3609.036154    -3647.865873     3326.016013     3362.118761    -3516.739351              -1        1.000000
Convergence via sigfigs (4)
penalty=162755, fval=290506, beta_vec=0.319770 0.000000 0.000000 
  288554.616851        0.424230        0.302901        0.302901        0.424230        0.302901        0.302901        0.302901        0.302901        0.302901        0.302901        0.302901        0.302901    -5544.601387     3474.453581     3295.974922    -5251.520866     2915.801189     3114.264284     3813.585441     3504.387219    -4706.333799     3173.909296     3239.563084    -4554.661253              -1        1.000000
  288648.634938        0.415248        0.302539        0.302539        0.415248        0.302539        0.302539        0.302539        0.302539        0.302539        0.302539        0.302539        0.302539    -5895.697977     3448.527248     3269.126348    -5627.558392     2888.956486     3088.274447     3778.750455     3466.584341    -4732.804693     3138.103231     3202.042688    -4580.651032              -1        1.000000
  288693.997008        0.410322        0.301797        0.301797        0.410322        0.301797        0.301797        0.301797        0.301797        0.301797        0.301797        0.301797        0.301797    -6093.917240     3414.992883     3234.813164    -5836.701312     2853.878890     3054.153320     3742.116853     3427.795775    -4784.820630     3099.864669     3163.028538    -4631.687392              -1        1.000000
  288764.591892        0.403773        0.301217        0.301217        0.403773        0.301217        0.301217        0.301217        0.301217        0.301217        0.301217        0.301217        0.301217    -6398.949132     3414.288862     3233.282419    -6119.509810     2851.937781     3053.110791     3735.567443     3418.724809    -4796.120920     3091.983555     3153.953352    -4642.215848              10        1.000000
  288801.773600        0.398796        0.299556        0.299556        0.398796        0.299556        0.299556        0.299556        0.299556        0.299556        0.299556        0.299556        0.299556    -6623.497524     3317.050025     3134.785919    -6366.868824     2751.357155     2954.326599     3638.152295     3318.219475    -4943.250300     2991.113783     3052.579676    -4787.119717              -1        1.000000
  288822.293652        0.396303        0.298758        0.298758        0.396303        0.298758        0.298758        0.298758        0.298758        0.298758        0.298758        0.298758        0.298758    -6759.328971     3284.222941     3101.342823    -6447.101361     2716.915158     2920.757601     3605.059464     3283.593251    -5000.076315     2956.345328     3017.541574    -4842.865135              -1        1.000000
  288837.303977        0.394325        0.297993        0.297993        0.394325        0.297993        0.297993        0.297993        0.297993        0.297993        0.297993        0.297993        0.297993    -6858.444802     3253.259696     3069.820465    -6592.588703     2684.404724     2889.064694     3574.339207     3251.524875    -5054.714304     2924.027649     2985.053288    -4896.461760              -1        1.000000
  288839.988577        0.393591        0.297499        0.297499        0.393591        0.297499        0.297499        0.297499        0.297499        0.297499        0.297499        0.297499        0.297499    -6873.332721     3234.051750     3050.294094    -6631.212571     2664.196683     2869.356191     3555.998410     3232.479648    -5090.102262     2904.663736     2965.699183    -4931.173025              -1        1.000000
  288848.179400        0.392198        0.296748        0.296748        0.392198        0.296748        0.296748        0.296748        0.296748        0.296748        0.296748        0.296748        0.296748    -6970.595743     3204.213077     3019.946540    -6678.215781     2632.830845     2838.767250     3527.110151     3202.429507    -5144.222698     2874.208643     2935.197263    -4984.259285              -1        1.000000
  288849.797935        0.391818        0.296494        0.296494        0.391818        0.296494        0.296494        0.296494        0.296494        0.296494        0.296494        0.296494        0.296494    -6991.091650     3194.220772     3009.789129    -6698.243815     2622.320229     2828.515891     3517.561883     3192.515607    -5162.602960     2864.130453     2925.123583    -5002.286751              -1        1.000000
  288850.460768        0.391577        0.296305        0.296305        0.391577        0.296305        0.296305        0.296305        0.296305        0.296305        0.296305        0.296305        0.296305    -7004.401297     3186.846443     3002.294456    -6711.247464     2614.559169     2820.945287     3510.573093     3185.268026    -5176.287290     2856.748586     2917.754842    -5015.709175              -1        1.000000
  288850.664049        0.391436        0.296179        0.296179        0.391436        0.296179        0.296179        0.296179        0.296179        0.296179        0.296179        0.296179        0.296179    -7012.368937     3181.988432     2997.358300    -6719.030935     2609.446674     2815.957909     3505.995381     3180.524480    -5185.354064     2851.911267     2912.929311    -5024.602317              -1        1.000000
  288850.690597        0.391353        0.296099        0.296099        0.391353        0.296099        0.296099        0.296099        0.296099        0.296099        0.296099        0.296099        0.296099    -7017.089345     3178.895742     2994.216804    -6723.641651     2606.190246     2812.780818     3503.092186     3177.517734    -5191.148695     2848.841948     2909.869654    -5030.285742              -1        1.000000
Convergence via sigfigs (4)
penalty=27507.7, fval=288851, beta_vec=0.296050 0.000000 0.095256 
  287770.311273        0.404346        0.270444        0.270444        0.404346        0.270444        0.270444        0.270444        0.270444        0.341555        0.270444        0.270444        0.341555    -6649.538758     2412.577189     2209.426777    -6364.218891     1795.657852     2020.908461     2712.231275     2367.904817    -3108.855861     2021.448367     2082.096005    -2997.575299              -1        1.000000
  286737.489440        0.457352        0.246811        0.246811        0.457352        0.246811        0.246811        0.246811        0.246811        0.364411        0.246811        0.246811        0.364411    -4690.639034     1411.416160     1193.195261    -4449.992150      744.482037      989.325112     1784.172811     1431.098732    -2316.387050     1049.068786     1122.629241    -2225.285425              -1        1.000000
  285939.404492        0.547420        0.229721        0.229721        0.547420        0.229721        0.229721        0.229721        0.229721        0.395172        0.229721        0.229721        0.395172    -2129.429660      529.598852      303.721114    -1950.258011     -170.128013       84.079540      983.320409      636.519137    -1262.935752      217.551540      308.267598    -1195.740042              -1        1.000000
  285845.987485        0.577767        0.234071        0.234071        0.577767        0.234071        0.234071        0.234071        0.234071        0.399172        0.234071        0.234071        0.399172    -1429.967902      830.927835      612.454372    -1268.096152      147.971441      392.830669     1293.427806      960.148842    -1094.479405      541.625690      635.382108    -1030.183979              -1        1.000000
  285817.228480        0.586504        0.232278        0.232278        0.586504        0.232278        0.232278        0.232278        0.232278        0.398140        0.232278        0.232278        0.398140    -1255.661977      718.044175      499.071117    -1098.121546       31.118165      277.502229     1193.530130      860.227388    -1140.820212      437.026814      533.000071    -1075.784472              -1        1.000000
  285818.913800        0.587247        0.232476        0.232476        0.587247        0.232476        0.232476        0.232476        0.232476        0.397023        0.232476        0.232476        0.397023    -1239.984966      728.305255      509.682053    -1082.814648       41.847350      288.057461     1205.739303      872.810429    -1178.042789      449.424959      545.637013    -1112.216938              -1        1.000000
  285820.209460        0.587238        0.232508        0.232508        0.587238        0.232508        0.232508        0.232508        0.232508        0.396536        0.232508        0.232508        0.396536    -1240.112382      729.185733      510.624726    -1082.928473       42.734900      288.975250     1207.350695      874.433696    -1194.724522      450.962165      547.243835    -1128.551638              -1        1.000000
Convergence via sigfigs (4)
penalty=4649.17, fval=285820, beta_vec=0.232505 0.164013 0.354699 
  285686.254498        0.634049        0.223193        0.223193        0.634049        0.223193        0.223193        0.223193        0.223193        0.426185        0.223193        0.223193        0.426185     -401.812926      180.423143      -43.031847     -266.431860     -521.040231     -272.031233      667.921471      336.381199     -294.151978     -102.236721       -0.091211     -247.457996              -1        1.000000
  285681.699557        0.641000        0.223987        0.223987        0.641000        0.223987        0.223987        0.223987        0.223987        0.428581        0.223987        0.223987        0.428581     -284.350332      242.894923       20.961481     -152.027205     -454.744237     -207.973993      729.245337      400.471152     -218.858593      -37.639926       64.848457     -173.613953              -1        1.000000
  285681.172352        0.642286        0.224022        0.224022        0.642286        0.224022        0.224022        0.224022        0.224022        0.428631        0.224022        0.224022        0.428631     -263.289083      245.707954       23.974077     -131.509762     -451.616477     -205.050106      732.715300      404.290156     -217.169087      -34.007331       68.651018     -171.955529              -1        1.000000
  285681.173101        0.642345        0.224024        0.224024        0.642345        0.224024        0.224024        0.224024        0.224024        0.428576        0.224024        0.224024        0.428576     -262.336864      245.800591       24.080422     -130.580971     -451.516389     -204.951386      732.920511      404.511171     -218.774978      -33.809105       68.864319     -173.528388              -1        1.000000
Convergence via sigfigs (4)
penalty=785.772, fval=285681, beta_vec=0.224024 0.204541 0.418322 
  285676.849394        0.652282        0.222619        0.222619        0.652282        0.222619        0.222619        0.222619        0.222619        0.434142        0.222619        0.222619        0.434142     -107.133150      159.149553      -62.988518       20.510488     -539.813802     -293.364137      647.721317      320.153747      -64.683612     -120.696903      -16.892824      -22.720487              -1        1.000000
  285676.779997        0.652914        0.222676        0.222676        0.652914        0.222676        0.222676        0.222676        0.222676        0.434497        0.222676        0.222676        0.434497      -97.118726      164.016092      -58.007019       30.259253     -534.619321     -288.376177      652.303861      324.973254      -54.258824     -115.813542      -11.996366      -12.503093              -1        1.000000
  285676.778640        0.652928        0.222676        0.222676        0.652928        0.222676        0.222676        0.222676        0.222676        0.434503        0.222676        0.222676        0.434503      -96.888805      164.054887      -57.965750       30.483876     -534.576626     -288.336363      652.341376      325.015368      -54.077100     -115.772273      -11.954253      -12.324919              -1        1.000000
Convergence via sigfigs (6)
penalty=132.806, fval=285677, beta_vec=0.222676 0.211827 0.430252 
  285676.650555        0.654758        0.222450        0.222450        0.654758        0.222450        0.222450        0.222450        0.222450        0.435520        0.222450        0.222450        0.435520      -68.952329      150.150561      -71.913848       57.676836     -548.690034     -302.514323      638.629601      311.493903      -26.305992     -129.711174      -25.697518       14.857651              -1        1.000000
Convergence via sigfigs (4)
penalty=22.446, fval=285677, beta_vec=0.222451 0.213072 0.432309 
  285676.646850        0.655069        0.222413        0.222413        0.655069        0.222413        0.222413        0.222413        0.222413        0.435696        0.222413        0.222413        0.435696      -64.218621      147.898827      -74.172072       62.284817     -550.971716     -304.809888      636.401470      309.300754      -21.496817     -131.972542      -27.926464       19.565661              -1        1.000000
Convergence via sigfigs (4)
penalty=3.79367, fval=285677, beta_vec=0.222413 0.213284 0.432658 
Convergence via delta func
penalty=0.64118, fval=285677, beta_vec=0.222406 0.213319 0.432717 
Convergence via delta func
penalty=0.108368, fval=285677, beta_vec=0.222405 0.213325 0.432727 
Convergence via delta func
penalty=0.0183156, fval=285677, beta_vec=0.222405 0.213326 0.432728 
  285676.646850        0.655069        0.222413        0.222413        0.655069        0.222413        0.222413        0.222413        0.222413        0.435696        0.222413        0.222413        0.435696      -64.218621      147.898827      -74.172072       62.284817     -550.971716     -304.809888      636.401470      309.300754      -21.496817     -131.972542      -27.926464       19.565661              -1        1.000000

Number of iterations: 0
Number of function evaluations: 1417
Total time: 91.3945 sec.
Done.  log(likelihood) = -198015.962239 numeval=1417
Writing model to phyloFit.mod ...
Done.
